100830
100928
101044
102828
102830
103268
103759
104061
104167
104699
105026
105174
105184
105276
105378
105548
105552
105998
106441
106479
106481
106483
106501
106517
106519
106709
106749
106801
106821
106945
106951
107023
107394
107470
107550
107558
107592
107604
107632
107664
107718
107746
107790
108004
108122
108182
108260
108262
108430
108442
108491
108543
108583
108685
108699
108707
108809
108813
108843
108847
108849
108931
109036
109042
109114
109168
109180
109297
109810
109814
110050
110171
110220
110242
110344
110396
110442
110480
110496
110498
110500
110530
110540
110542
110586
110596
110598
110602
110604
110606
110608
110747
110749
110751
110753
110755
110815
110851
111089
111097
111099
111149
111202
111320
111322
111332
111394
111396
111412
111424
111432
111436
111442
111486
111508
111586
111592
111594
111672
111674
111702
111749
111789
111869
111875
111883
111887
111891
111919
111979
111987
112033
112081
112089
112109
112111
112157
112179
112211
112215
112221
112227
112241
112245
112249
112255
112275
112279
112281
112327
112331
112357
112373
112397
112403
112427
112437
112439
112453
112467
112523
112553
112555
112565
112567
112649
112653
112671
112699
112789
112795
112797
112815
112817
112819
112859
112865
112871
112957
112967
112987
113011
113039
113103
113133
113135
113157
113159
113173
113191
113226
113254
113278
113314
113326
113366
113394
113440
113510
113514
113516
113606
113608
113628
113644
113739
113741
113755
113773
113799
113803
113839
114818
115258
115268
115360
115502
115901
121621
121671
121673
121895
121899
121913
121925
121927
121931
121941
121971
121975
122053
122069
122099
122119
122688
122731
122745
122773
122779
125163
125504
126417
126419
126431
126433
126435
126483
126493
126525
126742
126746
63469
64435
65323
66343
77436
77545
78145
79126
79380
80009
80395
80528
81102
81284
81517
81549
81651
81914
81924
82178
82194
82380
82554
83247
83329
83493
83886
84148
84300
84347
84548
84651
84677
84679
84846
84848
84932
85052
85222
85230
85276
85300
85328
85467
85785
85791
85799
86165
86201
86263
86315
86321
86358
86412
86634
86658
87005
87089
87099
87131
87135
87207
87247
87433
87519
87551
87591
87611
87683
87739
87845
87849
87913
87917
87969
87971
88011
88197
88257
88309
88335
88634
88684
88718
88782
88980
88998
89178
89304
89643
89687
89692
89731
89757
89771
89887
90097
90167
90179
90258
90262
90366
90396
90556
90758
90776
90816
90834
90896
90920
90932
91376
91430
91440
91446
91490
91544
91568
91636
91704
91892
91906
92019
92390
92642
92694
92736
92738
92873
93940
94460
94871
94963
94979
94989
95105
95157
95181
95221
95265
95350
95382
95408
95454
95460
95586
95592
95594
95706
95901
95994
96028
96410
96414
96418
96514
96532
96638
96648
96666
96796
96798
96862
96866
96878
96892
96900
96902
96914
96916
96949
96978
96980
96982
96988
97040
97054
97090
97102
97104
97106
97112
97114
97126
97140
97150
97152
97156
97202
97210
97232
97253
97259
97261
97267
97325
97343
97345
97355
97369
97429
97576
97578
97696
98995
99538
99605